


checkTileType == TILE_O2_RIG ||
			checkTileType == TILE_FUEL_RIG


		this.fuel = 5;
		this.partCarried = 0;
		this.oxygenCarried = 6;
		this.peoplecarried = 0;
		this.oreCarried = 0;
		
		
		this.shipDamage = 0;
		this.shipDamageLeft = 0;
		this.shipDamageRight = 0;
		this.playerThrustXLeft = 0.2;
		this.playerThrustXRight = 0.2;
		this.playerThrustY = 0.2;
		this.peoplecarried = 0;
		this.updateReadout();














if(this.keysHeld > 0) {
					this.keysHeld--; // one less key
					this.updateReadout();
					worldGrid[walkIntoTileIndex] = TILE_SPACE;
				}
				break;
				
	this.x = 75;
	this.y = 75;
	this.speedY = 0;
	this.speedX = 0;
	this.myShipPic; // which picture to use
	this.name = "Untitled Ship";
	this.fuel = 0;
	this.part = 0;
	this.engineer = 0;
	this.shipDamage = 0;
	
	
	case TILE_GOAL:
				console.log(this.name + " WINS!");
				loadLevel(levelOne);
				break;
				
				const DAMAGE_SPEED = 2;
const MAXIMUM_DAMAGE = 10;


level code
my one
[1,0,0,0,27,0,0,0,0,0,0,27,0,2,1,5,0,0,0,0,0,0,0,0,0,27,0,2,1,3,3,3,3,3,1,0,0,2,3,3,3,2,1,3,3,6,0,0,0,0,0,0,5,3,3,2,1,0,0,0,0,0,0,0,0,0,0,0,0,2,1,0,30,0,0,0,0,0,0,0,0,0,0,2,1,5,4,6,0,0,0,0,0,0,0,0,0,2,1,0,0,0,0,0,0,0,0,41,41,0,0,2,1,0,0,0,0,0,0,0,0,5,4,6,0,2,1,0,0,0,0,22,0,5,4,6,3,3,0,2,1,0,0,0,22,5,4,4,3,3,0,0,0,2,1,0,0,0,5,4,3,3,0,0,0,24,0,2,1,0,0,0,3,3,0,0,0,28,0,0,0,2,1,0,0,0,0,0,0,0,0,0,0,28,0,2,1,32,0,0,0,0,0,0,0,0,30,0,0,2,1,3,0,0,0,0,0,0,0,0,5,4,6,2,1,3,3,3,5,4,6,0,0,0,0,0,0,2,1,3,3,3,0,25,0,0,0,0,0,26,0,2,1,0,3,0,0,0,0,0,0,0,0,0,0,2,1,0,25,0,31,0,0,5,3,3,6,0,0,2,1,0,0,0,5,3,3,3,3,6,0,0,0,2,1,0,0,5,3,3,3,3,3,6,0,0,0,2,1,0,0,0,0,0,0,0,0,0,0,0,0,2,1,0,0,0,0,0,0,0,0,0,0,0,0,2,1,3,3,6,0,0,0,0,0,0,0,0,0,2,1,0,5,3,6,0,0,0,0,0,0,0,0,2,1,0,0,5,3,3,6,0,0,0,0,0,0,2,1,30,0,0,0,0,0,0,0,0,0,0,0,2,1,5,4,6,0,0,0,0,22,41,22,0,0,2,1,0,0,0,0,20,0,5,4,4,4,6,0,2,1,0,0,0,0,0,0,0,0,0,0,0,0,2,1,0,0,0,0,0,0,0,0,0,0,0,0,2,1,3,0,0,0,0,0,0,0,0,0,0,3,2,1,0,3,0,0,0,0,0,0,0,0,3,0,2,1,30,0,3,0,0,0,0,0,0,3,0,30,2,1,3,0,0,3,0,0,0,0,3,0,0,3,2,1,0,0,0,0,3,0,0,3,0,0,0,0,2,1,0,20,27,0,0,0,0,0,28,0,0,24,2,1,0,0,27,0,0,0,0,0,0,0,28,0,2,1,20,0,0,0,0,0,0,0,0,0,24,0,2,1,0,0,0,32,0,31,31,0,32,0,0,0,2,1,0,0,0,3,3,3,3,3,3,0,0,0,2,1,0,0,0,0,0,0,0,0,0,0,0,0,2,1,0,0,0,0,0,0,0,0,0,0,0,0,2,1,0,0,3,0,0,0,0,0,0,0,0,0,2,1,25,0,3,3,43,41,43,41,0,0,0,0,2,1,25,25,0,3,3,3,3,3,0,0,0,0,2,1,0,25,0,0,3,3,3,3,3,0,0,0,2,1,0,0,25,0,0,0,0,0,0,0,0,0,2,1,26,0,0,0,0,0,0,0,0,0,0,0,2,1,0,0,0,0,0,0,0,0,0,0,0,0,2,1,0,0,0,0,0,0,0,0,0,0,0,0,2,1,30,32,31,0,0,0,0,0,0,31,32,0,2,1,5,4,4,4,4,4,4,4,4,4,4,6,2]

tweaked level 2

[1,3,3,3,3,1,0,0,0,2,3,3,3,2,1,0,0,0,0,0,0,0,0,0,0,0,0,2,1,0,0,0,26,0,0,0,0,0,0,3,0,2,1,25,31,43,0,0,0,0,0,0,25,3,0,2,1,3,3,3,0,0,0,0,0,26,0,0,0,2,1,0,0,0,0,43,0,0,0,0,32,0,30,2,1,0,25,0,0,3,3,3,3,3,42,42,3,2,1,0,25,0,0,0,0,0,0,0,0,0,1,2,1,0,0,0,0,0,0,20,0,31,0,30,1,2,1,0,0,0,0,0,0,2,3,3,3,3,3,2,1,3,3,0,0,0,0,2,24,0,0,0,24,2,1,0,0,0,21,0,0,2,0,0,32,0,0,2,1,32,0,0,3,0,0,20,0,0,3,0,0,2,1,3,0,0,0,0,0,24,31,32,3,0,0,2,1,30,0,0,25,0,0,2,3,3,3,0,30,2,1,3,21,0,0,0,0,25,0,0,0,25,3,2,1,30,3,0,0,0,0,25,0,0,0,3,32,2,1,0,32,3,24,0,0,3,3,3,3,0,24,2,1,20,0,0,3,0,0,0,0,0,0,0,25,2,1,0,0,0,0,0,0,0,0,0,25,0,0,2,1,20,0,0,25,22,25,0,0,25,25,0,0,2,1,0,31,3,1,2,3,0,0,42,3,0,0,2,1,30,3,32,31,2,24,0,25,3,3,0,0,2,1,3,24,25,25,2,25,25,25,3,3,0,25,2,1,0,0,0,0,0,0,0,0,0,24,0,0,2,1,25,0,0,20,0,0,0,20,0,0,0,0,2,1,0,25,0,3,25,25,25,3,25,0,0,0,2,1,0,30,0,0,0,32,0,25,0,0,32,0,2,1,0,3,0,0,0,3,0,0,0,25,3,0,2,1,0,0,25,31,25,0,0,30,0,0,0,0,2,1,0,0,0,3,0,0,0,3,0,0,0,0,2,1,0,0,43,30,43,0,0,0,32,32,0,0,2,1,20,0,3,3,3,20,0,24,3,3,25,0,2,1,0,0,0,0,0,0,0,0,0,0,0,0,2,1,0,0,0,0,24,24,0,0,0,0,0,0,2,1,0,3,0,0,3,3,0,0,3,3,0,0,2,1,0,0,0,0,0,0,0,0,0,0,0,0,2,1,0,41,0,0,0,0,0,0,0,0,0,0,2,1,0,3,0,0,0,25,0,25,0,0,0,25,2,1,30,3,0,0,0,0,0,24,0,0,0,0,2,1,0,3,3,32,0,25,3,30,3,0,0,0,2,1,0,0,3,1,42,3,3,3,3,0,25,25,2,1,0,25,0,1,0,2,32,0,0,0,0,0,2,1,0,0,0,1,30,2,32,32,0,0,0,0,2,1,0,0,0,1,3,2,30,43,42,0,0,0,2,1,0,25,0,1,3,3,3,3,3,20,0,25,2,1,0,0,0,0,0,0,0,0,3,0,0,0,2,1,31,24,0,30,0,31,24,30,3,25,0,20,2,1,3,3,3,3,3,3,3,3,3,0,0,0,2,1,3,24,24,0,24,24,0,0,24,20,0,0,2,1,0,0,0,0,0,0,0,0,0,0,0,0,2,1,30,32,32,0,0,0,0,0,0,0,0,0,2,1,3,3,3,32,32,0,32,0,0,31,0,31,2,1,2,3,3,3,3,3,3,3,3,3,3,1,2]